4.525879127808654e+20,1
9.511210947145682e+32,2
3.7829273563819157e+43,3
9.646666308324801e+52,4
2.901892959709473e+61,5
1.4931775723446805e+69,6
1.6896863415283032e+76,7
5.0423236187129775e+82,8
4.552695503207031e+88,9
1.3850160170701594e+94,10
1.5479564240642074e+99,11
6.823644989158651e+103,12
1.2588301845510462e+108,13
1.0218710736815413e+112,14
3.8102794122218685e+115,15
6.772957702549438e+118,16
5.928209119990839e+121,17
2.628700556120276e+124,18
6.05538024737969e+126,19
7.409935510120296e+128,20
4.913661535943614e+130,21
1.7974484299629317e+132,22
3.6857421016856863e+133,23
4.298121642682725e+134,24
2.8878685787125343e+135,25
1.1312027289120772e+136,26
2.6109835867871814e+136,27
3.585674315729762e+136,28
2.9556338764098365e+136,29
1.473999594773559e+136,30
4.479604295810702e+135,31
8.350410321929418e+134,32
9.604112393356629e+133,33
6.851547992187761e+132,34
3.046254717737785e+131,35
8.476810340236161e+129,36
1.4819121133990227e+128,37
1.632959107713089e+126,38
1.1374825343419387e+124,39
5.021205708849338e+121,40
1.4075826834958653e+119,41
2.5100916206056614e+116,42
2.8513231077019555e+113,43
2.0653107195186815e+110,44
9.545556993420857e+106,45
2.8160903716082133e+103,46
5.303161726134481e+99,47
6.372993856775392e+95,48
4.8844552301105854e+91,49
2.3854200092548805e+87,50
7.414332697107409e+82,51
1.4645093914729544e+78,52
1.8350716985167522e+73,53
1.4556517452377908e+68,54
7.292633214112428e+62,55
2.3013868016748782e+57,56
4.5614914834675184e+51,57
5.660407149109341e+45,58
4.382288661732871e+39,59
2.1087819737169244e+33,60
6.281707870335516e+26,61
1.153308584706867e+20,62
12989831875419.92,63
887101.7054160357,64
9.859137727724338,65
7.5928273823913806,66
6.610218883985305,67
5.732505484512653,68
4.955100525073592,69
4.2719578751515535,70
3.67607790604088,71
3.1598535695077397,72
2.715398393290481,73
2.334835764569105,74
2.010536542148672,75
1.7352994561977348,76
1.502475001718577,77
1.3060381036029343,78
1.1406176206528962,79
1.0014919502204906,80
0.8845599470660949,81
0.7862954846342547,82
0.7036926395645713,83
0.6342069712154591,84
0.5756969075897961,85
0.5263679632950353,86
0.48472146223712453,87
0.44950862785610335,88
0.41969031745371155,89
0.3944022800843387,90
0.3729255703366336,91
0.35466161547137715,92
0.33911137810567227,93
0.32585805448193755,94
0.3145527790917658,95
0.3049028553173293,96
0.2966620886194654,97
0.2896228569721928,98
0.2836096086485327,99